01922719032500
01915719032500
01909019032500
01911519032500
35731319032500
01916219032500
01915519032500
01909719032500
01915319032500
01914619032500
01923619032500
97995419032500
01924019032500
01924219032500
01925419032500
01916919032500
01916019032500
01099814032501
33428319032500
62510017032501
36041520032500
05409520032500
61010520032500
11593120032500
69190220032500
73977120032500
74269620032500
29354320032500
66016620032500
61112220032500
39631420032500
29990220032500
33003520032500
74296520032500
62230020032500
30866320032500
64165320032500
08297220032500
98153920032500
01005120032500
48035120032500
33253320032500
98376220032500
97642820032500
01099820032501
98394020032500
01099817032501
35405621032500
30778621032500
01590321032500
01592121032500
01553521032500
04865021032500
33769121032500
97669621032500
01252121032500
01525821032500
01524621032500
97982021032500
17393521032500
01682321032500
01536821032500
33970621032500
01172121032500
11806421032500
35642521032500
38213021032500
01231121032500
11346621032500
11350321032500
01255521032500
74299121032500
64054421032500
01254921032500
33003521032500
74415521132500
62510021032501
28475624032500
04864624032500
64560624032500
65854524032500
66950224032500
65337624032500
47695424032500
29900324032500
29132524032500
33252224032500
66965324032500
30841624032500
01218524032500
30118424032500
11529024032500
62510024032501
01099819032501
64995025032500
73992225032500
08322625032500
47687325032500
65206125032500
12051425032500
33754025032500
32011025032500
01997225032500
33862325032500
11355125032500
35678625032500
62510021032501
33003525032500
01099818032501
36041525032500
01000425032500
37214225032500
28265625032500
36378625032500
62578525032500
07791025032500
10190525032500
01099821032501
01099824032501
47746626032500
64043026032500
64159426032500
38303626032500
47716426032500
09300426032500
10543126032500
61016426032500
66762326032500
98183926032500
28521326032500
32490326032500
30660026032500
61228626032500
29921326032500
74299126032500
62510024032501
01099826032501
01099825032501
63650627032500
38208227032500
73974527032500
74260427032500
64986527032500
74415527032500
05204327032500
64037127032500
05777220032500
61086427032500
74312027032500
15899227032500
29041527032500
29494327032500
01248727032500
98378427032500
98377827032500
97642527032500
98020927032500
98285927032500
62635627032500
98159727032500
97963127032500
32689627032500
36017227032500
39617427032500
09811427032500
15899228032500
01533528032500
01554628032500
01536528032500
64042628032500
74415528032500
01249928032500
33942628032500
09611028032500
01590828032500
01546528032500
64053328032500
38624528032500
01678128032500
37306328032500
01578428032500
63650627032500
01024628032500
01525328032500
01553828032500
01545628032500
01249728032500
61216128032500
01534028032500
30433428032500
07144428032500
61220528032500
36255228032500
38192028032500
01525928032500
01578228032500
01552928032500
37780128032500
36041528032500
62510021032501
45927028032500
32267428032500
62510024032501
62510021032501
32267431032500
41155231032500
39082131032500
39286231032500
32852131032500
45927031032500
39821531032500
45652531032500
39806431032500
32969631032500
